Title

Classification Report

             precision    recall  f1-score   support

    class 0       0.18      0.19      0.18        85
    class 1       0.45      0.70      0.55       126
    class 2       0.12      0.11      0.12       116
    class 3       0.12      0.13      0.13       107
    class 4       0.17      0.12      0.14       110
    class 5       0.11      0.08      0.09        87
    class 6       0.34      0.32      0.33        87
    class 7       0.33      0.32      0.33        99
    class 8       0.07      0.06      0.06        89
    class 9       0.18      0.20      0.19        94

avg / total       0.21      0.23      0.22      1000


Confusion Matrix

[[16 14  2 23  9  7  0  1 10  3]
 [ 2 88  5  1  1 14  1  3  9  2]
 [ 3 12 13 17  8  6 12 13  6 26]
 [15 37  6 14  4  8  0  6 13  4]
 [16  4 21 15 13  5 10  4  8 14]
 [ 8 20 12  9  7  7  1  5 10  8]
 [ 2  0 13  3  4  3 28 15  3 16]
 [ 4  5 10  8  9  2 14 32  3 12]
 [19 11  7 19 14  9  2  1  5  2]
 [ 4  3 16  5  8  3 14 16  6 19]]
